var signal = [0.081220,
0.106846,
0.113813,
0.123493,
0.180259,
0.248229,
0.255811,
0.174239,
0.068394,
-0.002531,
-0.079879,
-0.172059,
-0.226145,
-0.224525,
-0.175422,
-0.114569,
-0.049664,
0.036735,
0.097797,
0.094331,
0.016179,
-0.103556,
-0.222719,
-0.337423,
-0.403501,
-0.243235,
0.123812,
0.298335,
0.225696,
0.267369,
0.471823,
0.428761,
-0.030026,
-0.251496,
-0.011171,
0.041036,
-0.261057,
-0.503872,
-0.436775,
-0.283136,
-0.301046,
-0.187112,
0.170341,
0.297253,
0.110239,
-0.012748,
0.066142,
0.138477,
0.060035,
-0.018490,
0.006824,
-0.019969,
-0.131243,
-0.151229,
-0.076663,
-0.045390,
-0.078632,
-0.090366,
-0.039729,
-0.006909,
-0.007074,
0.041984,
0.096550,
0.087347,
0.042345,
0.005146,
-0.008431,
-0.027110,
-0.047383,
-0.022826,
0.011610,
0.024230,
0.066656,
0.174584,
0.303839,
0.366435,
0.365036,
0.365014,
0.291379,
0.013079,
-0.253084,
-0.194070,
-0.019703,
-0.032189,
-0.147135,
-0.150374,
-0.055755,
-0.049391,
-0.104945,
-0.035721,
0.132835,
0.219857,
0.147005,
0.032690,
0.011833,
0.055074,
0.066206,
0.037673,
0.014436,
0.017477,
0.036183,
0.051057,
0.075611,
0.135064,
0.202310,
0.231416,
0.205977,
0.151075,
0.106978,
0.059178,
-0.005728,
-0.055440,
-0.094200,
-0.119829,
-0.112039,
-0.083127,
-0.062971,
-0.072949,
-0.091583,
-0.108260,
-0.155026,
-0.240183,
-0.324558,
-0.367512,
-0.263164,
0.045270,
0.242748,
0.196242,
0.208638,
0.387160,
0.547712,
0.421864,
-0.042087,
-0.269433,
-0.076347,
-0.032301,
-0.267843,
-0.441424,
-0.352850,
-0.178635,
-0.181044,
-0.165573,
0.052335,
0.189879,
0.086986,
-0.065018,
-0.080973,
0.009376,
0.050392,
0.033617,
0.046173,
0.047226,
0.003264,
-0.022784,
-0.026148,
-0.038355,
-0.079117,
-0.121653,
-0.116560,
-0.091273,
-0.063499,
0.001721,
0.062379,
0.081912,
0.074040,
0.055067,
0.034823,
-0.004540,
-0.035372,
-0.021693,
-0.004384,
0.002324,
0.052391,
0.156920,
0.273109,
0.348208,
0.392364,
0.430568,
0.392647,
0.112450,
-0.273973,
-0.287296,
-0.047047,
-0.038693,
-0.213504,
-0.242341,
-0.083056,
-0.002575,
-0.064300,
-0.001077,
0.202854,
0.296407,
0.187573,
0.020748,
-0.047964,
-0.045292,
-0.043948,
-0.013042,
0.052944,
0.105671,
0.155339,
0.203854,
0.172888,
0.090112,
0.102008,
0.185154,
0.183196,
0.066718,
-0.020703,
-0.017906,
-0.032052,
-0.088211,
-0.103243,
-0.061730,
0.000275,
0.032969,
0.032416,
0.012025,
-0.038656,
-0.107436,
-0.183278,
-0.272482,
-0.358017,
-0.402636,
-0.337394,
-0.065996,
0.218369,
0.256049,
0.246639,
0.384753,
0.511008,
0.337262,
-0.091703,
-0.212169,
-0.025592,
-0.062751,
-0.317116,
-0.441313,
-0.300753,
-0.120314,
-0.111495,
-0.076255,
0.084400,
0.170297,
0.108762,
0.001096,
-0.062548,
-0.083462,
-0.097428,
-0.088931,
-0.061610,
-0.067279,
-0.074753,
-0.029680,
0.019238,
0.038673,
0.040121,
0.019917,
-0.010246,
-0.053654,
-0.082882,
-0.052430,
-0.013518,
-0.005422,
-0.008841,
0.003630,
0.038575,
0.054623,
0.048991,
0.067104,
0.095488,
0.098821,
0.091498,
0.117834,
0.185327,
0.223612,
0.215215,
0.204550,
0.188215,
0.127669,
0.026983,
-0.052416,
-0.056776,
-0.043365,
-0.081056,
-0.120829,
-0.128201,
-0.128648,
-0.135314,
-0.094953,
0.050123,
0.211243,
0.241129,
0.167583,
0.094208,
0.037237,
-0.021057,
-0.044298,
0.003327,
0.082498,
0.132873,
0.166947,
0.188974,
0.159332,
0.118726,
0.129817,
0.147555,
0.108621,
0.029669,
-0.025576,
-0.052853,
-0.099293,
-0.142498,
-0.136988,
-0.079434,
-0.022433,
-0.009951,
-0.019944,
-0.039359,
-0.081604,
-0.149902,
-0.224913,
-0.267351,
-0.247761,
-0.154419,
0.014589,
0.158088,
0.215276,
0.281996,
0.380213,
0.314715,
0.022465,
-0.134339,
-0.042007,
-0.042773,
-0.231058,
-0.395489,
-0.386095,
-0.291787,
-0.222980,
-0.049775,
0.184395,
0.214856,
0.107332,
0.069033,
0.070776,
-0.014090,
-0.149620,
-0.165911,
-0.068034,
-0.045413,
-0.095949,
-0.083861,
-0.020542,
0.004901,
-0.005308,
0.002977,
0.010687,
-0.042065,
-0.105249,
-0.100251,
-0.068025,
-0.055019,
-0.036297,
0.006651,
0.055626,
0.077662,
0.090862,
0.120779,
0.139404,
0.138947,
0.131760,
0.120308,
0.111016,
0.107469,
0.120726,
0.153589,
0.154909,
0.114635,
0.071826,
0.032057,
-0.020346,
-0.071424,
-0.097665,
-0.109838,
-0.113975,
-0.098714,
-0.058860,
0.001994,
0.081062,
0.146374,
0.161587,
0.138924,
0.090166,
0.002754,
-0.103048,
-0.139100,
-0.044664,
0.110722,
0.212704,
0.251187,
0.245582,
0.162310,
0.062372,
0.061558,
0.103516,
0.092545,
0.028609,
-0.012387,
0.000183,
0.001657,
-0.026326,
-0.032814,
-0.008451,
0.005824,
-0.032633,
-0.101303,
-0.161436,
-0.216152,
-0.279077,
-0.328384,
-0.326911,
-0.241492,
-0.030329,
0.216568,
0.268240,
0.170348,
0.189179,
0.322133,
0.312930,
0.085231,
-0.056545,
-0.006281,
-0.034079,
-0.206710,
-0.333429,
-0.309440,
-0.243920,
-0.250726,
-0.219321,
-0.069383,
0.085941,
0.115554,
0.043208,
-0.002525,
-0.009012,
-0.039706,
-0.077644,
-0.074276,
-0.050688,
-0.042997,
-0.029864,
0.000384,
0.020401,
0.034342,
0.056467,
0.073978,
0.039040,
-0.059758,
-0.159081,
-0.208308,
-0.195068,
-0.142597,
-0.088456,
-0.035704,
0.009932,
0.051227,
0.103464,
0.157612,
0.190298,
0.210387,
0.227337,
0.217602,
0.148393,
0.075554,
0.069044,
0.104059,
0.110238,
0.091567,
0.084583,
0.060418,
-0.023307,
-0.106573,
-0.120063,
-0.098386,
-0.099358,
-0.117553,
-0.110966,
-0.052767,
0.029547,
0.091417,
0.120525,
0.143829,
0.163237,
0.132531,
0.046409,
-0.016574,
0.009170,
0.095713,
0.157286,
0.163622,
0.140340,
0.117582,
0.099978,
0.073329,
0.043567,
0.031716,
0.033003,
0.029833,
0.021915,
0.010909,
-0.000251,
-0.009298,
-0.012571,
-0.023219,
-0.052345,
-0.089259,
-0.132767,
-0.186563,
-0.239390,
-0.259325,
-0.234757,
-0.170896,
-0.072472,
0.049320,
0.141951,
0.167575,
0.186869,
0.250479,
0.268747,
0.163485,
0.034532,
-0.018957,
-0.060020,
-0.149808,
-0.248583,
-0.281633,
-0.251777,
-0.218720,
-0.154206,
-0.023082,
0.110743,
0.140375,
0.058518,
-0.039909,
-0.106931,
-0.167023,
-0.203707,
-0.177087,
-0.128776,
-0.099076,
-0.070989,
-0.010973,
0.059667,
0.104976,
0.136783,
0.169819,
0.160701,
0.060750,
-0.097721,
-0.228845,
-0.264121,
-0.209710,
-0.122959,
-0.045498,
0.013175,
0.069769,
0.134794,
0.188195,
0.214953,
0.216151,
0.184772,
0.106482,
-0.009119,
-0.093948,
-0.069585,
0.030927,
0.115060,
0.158076,
0.200050,
0.250269,
0.249901,
0.121593,
-0.095135,
-0.192556,
-0.122819,
-0.081995,
-0.137056,
-0.170606,
-0.093684,
0.022183,
0.069248,
0.080128,
0.112915,
0.124712,
0.074730,
0.007562,
0.025589,
0.137755,
0.240623,
0.280648,
0.266279,
0.158117,
0.035201,
0.024180,
0.053264,
0.028291,
-0.016894,
-0.014831,
0.031240,
0.035652,
-0.000788,
-0.015095,
-0.011930,
-0.033379,
-0.095600,
-0.159915,
-0.193585,
-0.224592,
-0.256974,
-0.242320,
-0.154588,
-0.003524,
0.149456,
0.220608,
0.201936,
0.155257,
0.104551,
0.060915,
0.054731,
0.055125,
0.006489,
-0.076809,
-0.134493,
-0.144303,
-0.142096,
-0.145661,
-0.123464,
-0.073074,
-0.021594,
0.016540,
0.054921,
0.066336,
0.016029,
-0.059939,
-0.112942,
-0.156296,
-0.204285,
-0.222002,
-0.187282,
-0.129341,
-0.076486,
-0.023307,
0.031718,
0.073939,
0.093414,
0.106898,
0.109095,
0.057764,
-0.049391,
-0.146051,
-0.176267,
-0.144893,
-0.088582,
-0.016756,
0.059566,
0.123239,
0.174772,
0.225895,
0.267245,
0.271997,
0.219881,
0.101624,
-0.068607,
-0.231802,
-0.266351,
-0.130240,
0.043936,
0.108272,
0.087480,
0.099793,
0.158697,
0.184767,
0.139865,
0.079004,
0.044828,
0.027127,
0.009121,
-0.022429,
-0.064428,
-0.083382,
-0.061820,
-0.012021,
0.033541,
0.063495,
0.073083,
0.065997,
0.069538,
0.120359,
0.205932,
0.246049,
0.193945,
0.108120,
0.062074,
0.043258,
0.011486,
-0.007308,
0.022248,
0.072089,
0.095649,
0.089914,
0.074284,
0.041016,
-0.012979,
-0.074309,
-0.130079,
-0.181088,
-0.228703,
-0.261840,
-0.262783,
-0.210301,
-0.109800,
0.022439,
0.138256,
0.197777,
0.194374,
0.149609,
0.089455,
0.049823,
0.051353,
0.053515,
0.002026,
-0.083000,
-0.129788,
-0.125309,
-0.116228,
-0.118277,
-0.096283,
-0.050170,
-0.013135,
0.013593,
0.044594,
0.047558,
-0.012166,
-0.106098,
-0.172148,
-0.194586,
-0.186606,
-0.155960,
-0.120369,
-0.084353,
-0.029798,
0.040053,
0.098250,
0.117995,
0.105751,
0.089403,
0.049313,
-0.051752,
-0.188690,
-0.276686,
-0.260945,
-0.174258,
-0.076814,
0.015728,
0.109563,
0.199720,
0.288687,
0.361232,
0.400409,
0.376907,
0.262088,
0.062501,
-0.187690,
-0.376487,
-0.364465,
-0.140152,
0.091933,
0.146851,
0.109902,
0.131116,
0.176136,
0.140901,
0.026753,
-0.066239,
-0.093519,
-0.071095,
-0.019714,
0.013085,
0.006058,
0.020240,
0.091089,
0.181717,
0.235211,
0.246050,
0.222176,
0.120105,
-0.020717,
-0.039220,
0.059450,
0.107059,
0.046467,
-0.016948,
-0.003977,
0.019899,
-0.001247,
-0.003118,
0.062832,
0.135984,
0.158784,
0.143516,
0.120095,
0.078680,
0.003102,
-0.079451,
-0.146759,
-0.202721,
-0.231981,
-0.221750,
-0.181772,
-0.122081,
-0.039553,
0.059811,
0.121737,
0.113019,
0.077688,
0.060001,
0.037917,
-0.000658,
-0.018363,
0.004099,
0.021605,
-0.004797,
-0.036874,
-0.037860,
-0.028912,
-0.040706,
-0.061359,
-0.060896,
-0.045520,
-0.026609,
0.003194,
0.018435,
-0.030287,
-0.125380,
-0.195856,
-0.214990,
-0.208246,
-0.169004,
-0.103358,
-0.055544,
-0.015061,
0.044269,
0.112781,
0.153317,
0.142868,
0.112667,
0.071116,
-0.022123,
-0.167344,
-0.288799,
-0.305037,
-0.222251,
-0.110731,
-0.010721,
0.089931,
0.192340,
0.294504,
0.381402,
0.430505,
0.420430,
0.319822,
0.121997,
-0.142820,
-0.366582,
-0.391508,
-0.200795,
0.038363,
0.118564,
0.069722,
0.064188,
0.122611,
0.147851,
0.105893,
0.045764,
0.017357,
-0.009469,
-0.043814,
-0.052451,
-0.058755,
-0.063705,
-0.029993,
0.046808,
0.131217,
0.196650,
0.241570,
0.265941,
0.244688,
0.178470,
0.123207,
0.114240,
0.098898,
0.024757,
-0.060203,
-0.089362,
-0.080056,
-0.065206,
-0.024040,
0.056909,
0.137178,
0.173000,
0.145870,
0.078300,
-0.006616,
-0.093664,
-0.165991,
-0.216203,
-0.242676,
-0.224982,
-0.157400,
-0.054884,
0.063926,
0.168367,
0.222874,
0.193458,
0.111764,
0.048627,
0.012610,
-0.039394,
-0.099214,
-0.117915,
-0.089564,
-0.064091,
-0.060539,
-0.042270,
0.000289,
0.028115,
0.028428,
0.022693,
0.020986,
0.013023,
-0.003961,
-0.036793,
-0.104594,
-0.199226,
-0.256753,
-0.223888,
-0.120257,
-0.052938,
-0.063072,
-0.055978,
0.014460,
0.079783,
0.100059,
0.093935,
0.077273,
0.035754,
-0.038691,
-0.118440,
-0.183311,
-0.223594,
-0.208328,
-0.137097,
-0.042020,
0.051520,
0.148903,
0.259574,
0.354729,
0.400468,
0.403197,
0.338839,
0.169342,
-0.091767,
-0.329661,
-0.397825,
-0.273635,
-0.058734,
0.096388,
0.115360,
0.113290,
0.157174,
0.185395,
0.151519,
0.078838,
0.021180,
-0.032184,
-0.096878,
-0.107628,
-0.062868,
-0.031232,
-0.022239,
0.012846,
0.094644,
0.186494,
0.244397,
0.261463,
0.227971,
0.126082,
0.029051,
0.038258,
0.093213,
0.074574,
-0.008196,
-0.045458,
-0.006575,
0.030033,
0.048010,
0.104286,
0.184931,
0.206153,
0.142905,
0.053172,
-0.025459,
-0.117817,
-0.222746,
-0.298784,
-0.327479,
-0.312579,
-0.241286,
-0.092052,
0.101302,
0.246574,
0.285139,
0.230089]